[gd_scene load_steps=4 format=2]

[ext_resource path="res://Game.gd" type="Script" id=1]

[sub_resource type="CubeMesh" id=1]
size = Vector3( 20, 2, 20 )

[sub_resource type="SpatialMaterial" id=2]

[node name="Game" type="Spatial"]
script = ExtResource( 1 )

[node name="MeshInstance" type="MeshInstance" parent="."]
transform = Transform( 1, 0, 0, 0, 1, 0, 0, 0, 1, 0.0208092, -4.76837e-07, -0.0186377 )
mesh = SubResource( 1 )
material/0 = SubResource( 2 )

[node name="Camera" type="Camera" parent="."]
transform = Transform( 0.0171382, -0.640069, 0.768126, 0, 0.768239, 0.640163, -0.999853, -0.0109712, 0.0131662, 23.3063, 15.4754, 0.403026 )

[node name="Player1Pos" type="Position3D" parent="."]
transform = Transform( 1, 0, 0, 0, 1, 0, 0, 0, 1, 0, 1.77624, 7.72071 )

[node name="Player2Pos" type="Position3D" parent="."]
transform = Transform( 1, 0, 0, 0, 1, 0, 0, 0, 1, 0, 1.77624, -7.67868 )

[node name="Light" type="Node" parent="."]

[node name="DirectionalLight" type="DirectionalLight" parent="Light"]
transform = Transform( 1, 0, 0, 0, -0.0263863, 0.999652, 0, -0.999652, -0.0263863, 0, 5297.62, 0 )

[node name="DirectionalLight2" type="DirectionalLight" parent="Light"]
transform = Transform( 1, 0, 0, 0, -0.999964, 0.00846463, 0, -0.00846463, -0.999964, 0, 0.0240519, -3684.35 )

[node name="DirectionalLight3" type="DirectionalLight" parent="Light"]
transform = Transform( -0.999928, 0.000101787, 0.0120245, 0, -0.999964, 0.00846463, 0.012025, 0.00846401, 0.999892, 0, 0.0240519, 628.269 )

[node name="DirectionalLight4" type="DirectionalLight" parent="Light"]
transform = Transform( 0.0185343, 0.00846317, 0.999792, 0, -0.999964, 0.00846463, 0.999828, -0.000156886, -0.0185336, 34947.4, 0.0240519, 0.147377 )

[node name="DirectionalLight5" type="DirectionalLight" parent="Light"]
transform = Transform( -0.235871, -0.00822579, -0.971749, 0, -0.999964, 0.00846463, -0.971784, 0.00199656, 0.235863, -1160.43, 0.0240519, 0.147377 )
